1000001
1000002
1000005
1000007
1000010
1000012
1000014
1000019
1000024
1000028
1000030
1000035
1000036
1000040
1000041
1000046
1000047
1000048
1000051
1000053
1000067
1000070
1000071
1000072
1000074
1000078
1000087
1000094
1000097
1000101
1000109
1000111
1000119
1000128
1000130
1000132
1000134
1000135
1000138
1000141
1000143
1000146
1000148
1000158
1000159
1000161
1000162
1000168
1000173
1000179
1000186
1000191
1000198
1000001
1000002
1000005
1000007
1000010
1000012
1000014
1000019
1000024
1000028
1000030
1000035
1000036
1000040
1000041
1000046
1000047
1000048
1000051
1000053
1000067
1000070
1000071
1000072
1000074
1000078
1000087
1000094
1000097
1000101
1000109
1000111
1000119
1000128
1000130
1000132
1000134
1000135
1000138
1000141
1000143
1000146
1000148
1000158
1000159
1000161
1000162
1000168
1000173
1000179
1000186
1000191
1000198
1000002
1000007
1000010
1000014
1000024
1000030
1000041
1000048
1000053
1000067
1000072
1000074
1000078
1000087
1000094
1000097
1000101
1000109
1000111
1000119
1000132
1000141
1000143
1000146
1000148
1000162
1000168
1000173
1000179
1000186
1000191
1000198
1000002
1000007
1000010
1000014
1000017
1000024
1000026
1000030
1000035
1000041
1000043
1000046
1000048
1000051
1000054
1000058
1000067
1000070
1000072
1000074
1000077
1000083
1000087
1000094
1000097
1000101
1000109
1000111
1000119
1000126
1000130
1000133
1000135
1000141
1000143
1000146
1000148
1000158
1000162
1000168
1000173
1000179
1000186
1000198
