4709873
8266364
2647391
4498003
2047440
8640092
5691619
5732535
9477158
6415334
5806932
9509871
6785024
1276879
7289273
1844070
9373922
6765900
6136963
6917960
8824140
1962006
2520781
9281991
2361667
4126635
1708411
7998018
5817678
9612631
551343
7015922
5151804
6810652
6899419
8995621
4185901
8100698
2643014
3927761
4499951
5871618
654987
7384627
6474270
9408172
2456597
9960839
4921500
3398002
2717371
9685519
2288479
7348299
924366
1766280
2805779
9038253
2056006
7430155
1068947
9910542
7943869
944433
9549955
8191041
1805107
9787342
6797738
632406
6197716
5693107
4514052
3500388
4992177
2531798
7586424
2602593
1560286
1572606
4679924
6262844
6986833
9621285
7728492
7184601
6539191
6825059
3835589
779781
8100936
6590192
8074213
9800884