7647539
6959052
7262847
4969410
4512219
9669850
6511828
9795979
3913899
2364913
467619
4881091
263145
7028666
5003291
5116475
3899397
8236369
8598490
8289945
7174122
8221984
9604981
8005371
7984069
7982112
614333
102550
7480891
9704318
3544591
1777812
6050682
5663069
9864528
9442482
3016655
1913682
1608978
1354417
1279515
3367697
5111726
1670968
8591672
1824031
1384386
3152638
7484322
3371347
2834750
2027824
1643756
7216654
9398620
751397
9760807
7297463
476601
4130476
8251538
5862328
9478586
8367588
1994094
9761925
4500339
8006021
8329475
8806137
3819123
7437040
6309265
6917791
3105879
4920892
4474735
444578
5111867
2581024
8112434
1205587
5552531
6248471
9509476
7776872
8556535
7014360
558565
8674793
1314935
292552
2523605
958284
3072399
9770384